40006031
40007016
40012048
40013054
40016010
40016015
40016026
40017017
40017025
40021023
40021025
40022020
40022042
40024003
40026062
40027023
41002007
41003033
41004030
41004040
41005039
41006002
41008018
41008029
41009019
41011028
41011031
41012016
41013004
41014060
41015014
42003014
42005021
42007031
42008025
42009009
42009020
42009041
42010026
42010036
42013018
42020002
42020005
42020024
42021007
42023022
42024038
43001022
43001038
43002018
43004027
43006030
43008025
43008046
43009026
43012034
43012038
43020015
44003012
44004007
44004025
44007049
44011017
44021013
44021033
45003001
45003007
45003027
45008031
45009019
45009020
45010014
45011033
45011034
45014010
46001020
46002016
46003005
46004007
46006007
46007016
46009007
46010019
46012017
46015029
46015030
46015035
46015055
47006014
47006015
47011029
48004009
48005007
54006007
58002006
58010029
59002016
59004001
66006010
66007013
66013004
66015004