40002002
40002004
40003007
40005013
40005046
40005047
40006027
40006028
40007003
40007004
40007009
40008026
40008027
40008029
40009004
40009005
40009011
40009014
40009015
40010025
40011007
40011008
40011009
40011016
40012011
40012026
40012027
40012029
40012034
40013010
40013027
40013056
40014031
40015002
40015003
40015033
40015034
40016008
40016009
40016011
40016013
40017010
40017019
40018001
40018012
40018021
40019007
40019016
40019017
40019018
40019020
40019025
40019027
40020006
40020012
40020021
40020032
40021010
40021016
40021020
40021028
40021031
40021040
40022012
40022017
40022018
40022028
40022036
40022043
40022045
40023017
40023019
40023033
40024045
40025037
40025038
40025039
40025044
40026008
40026010
40026015
40026017
40026040
40026050
40026054
40026065
40026066
40026068
40027004
40027013
40027017
40027021
40027022
40027046
41001024
41001027
41002008
41002009
41002016
41002018
41002019
41002024
41003004
41003023
41004013
41004038
41004041
41005007
41005009
41005030
41005031
41005035
41006022
41006024
41006037
41006038
41007005
41008004
41008005
41008012
41008017
41008019
41008020
41008021
41008023
41008027
41008036
41008037
41009010
41009011
41009012
41009016
41009021
41009028
41009033
41009050
41010003
41010017
41010018
41010026
41010036
41010051
41011003
41011005
41011030
41012009
41012015
41012023
41012028
41012035
41012037
41014004
41014006
41014012
41014014
41014063
41014064
41015004
41015012
41015034
41016003
42001018
42001034
42001043
42001066
42002048
42002049
42003007
42003010
42003012
42004034
42004036
42005022
42005023
42005030
42005033
42005034
42006002
42006009
42006032
42006033
42006034
42006039
42006041
42006042
42006046
42007024
42007025
42007026
42007042
42007049
42008028
42008030
42008045
42009018
42009025
42010025
42010029
42011008
42011011
42011012
42011013
42011018
42011019
42012014
42012017
42012020
42012024
42012025
42012026
42012042
42012049
42012056
42012057
42013004
42013007
42013015
42013020
42013025
42014005
42014028
42014031
42014034
42015004
42015008
42015026
42015029
42016002
42016003
42016005
42016007
42016011
42016012
42017007
42017017
42017018
42017020
42017037
42018018
42018019
42018026
42018036
42018041
42019007
42019023
42019031
42019033
42020013
42020015
42020017
42020023
42020033
42020041
42020044
42022009
42022011
42022027
42022046
42022064
42022071
42023031
42024005
42024017
42024019
42024025
43001019
43001021
43001025
43001046
43001048
43002004
43003004
43003009
43003012
43004009
43004011
43005012
43005044
43005047
43006005
43006009
43006025
43006028
43006042
43006052
43006060
43006062
43006068
43007011
43007015
43007019
43007020
43007023
43007035
43007036
43007041
43007045
43007048
43007051
43008005
43008010
43008019
43008033
43008043
43008053
43008057
43009002
43009010
43009012
43009016
43009017
43009019
43009027
43009034
43009036
43010020
43010021
43010024
43010032
43010036
43011034
43011047
43011056
43012005
43012027
43013025
43013036
43013037
43014002
43014005
43014009
43014022
43016005
43016017
43016018
43018004
43018007
43018011
43018021
43018023
43018029
43018035
43018038
43019009
43019015
43020013
43021012
43021020
43021021
43021022
43021023
44001011
44002008
44002012
44002037
44004016
44005003
44005004
44005009
44007026
44007027
44007035
44007052
44008031
44008033
44008034
44008036
44009004
44009005
44009006
44010004
44010021
44010029
44010047
44012018
44013025
44014015
44015010
44016030
44017018
44017019
44019003
44019015
44019035
44021022
44022007
44022008
44022010
44022016
44022026
44023003
44023009
44023019
44026008
44026014
44026015
45002017
45002021
45002028
45003003
45003005
45003006
45003008
45003009
45004001
45004003
45004010
45005010
45005021
45006001
45006002
45006015
45006021
45007007
45007024
45008024
45008032
45008033
45008034
45008035
45009014
45009021
45009022
45009023
45009024
45009030
45009032
45010006
45010007
45010008
45010015
45010016
45011004
45011007
45011015
45011018
45011035
45014004
46002011
46004021
46005002
46005012
46006001
46006003
46006004
46006009
46006016
46006019
46009018
46010029
46010030
46011022
46012019
46014006
46014007
46014008
46014009
46014015
46014016
46014026
46014036
46015012
46015032
47002002
47002016
47003008
47003009
47006016
47011011
47012013
47012017
48002014
48003001
48003019
48004010
48004015
48004021
48004030
48005011
49004009
50001018
50001021
51002020
52002019
52003009
54003005
58001005
58001013
58001014
58002003
58003016
58003017
58003018
58006004
58007011
58009014
58010001
58011032
58012007
58012009
58012025
58013006
59002006
59002014
59002018
59002021
59003013
59003017
59004012
59004014
60002020
60003013
60004017
60004018
61003004
61003011
62002022
62003012
62003017
62004020
62005005
66005002
66006017
66017007
66018018
